1 43,46 43 46
1 42,41 42 41
1 30,29 30 29
1 24,25 24,22,21,57,56,27 25
1 57,58 57,56,27,24,22,21 58
1 19,18 19 18
1 7,6 7 6
1 3,5 3 5
2 5,6 5 6
2 9,10 9 10
3 3,5 3 5
3 6,7 6 7
3 16,17 16 17
3 20,21 20 21
3 26,27 26 27
3 28,31 28 31
4 11,12 11 12
4 16,17 16 17
4 24,25 24 25
5 2,3 2 3,4,8,9,12,42
5 9,10 9,12,42,3,4,8 10
5 14,15 14 15
5 17,18 17 18
6 11,10 11 10
6 7,6 7 6
6 30,31 30 31
7 19,18 19 18
7 26,25 26 25
7 13,12 13 12
7 11,10 11 10
7 3,2 3 2
8 33,26 33,46,41,40,39,34 26
8 27,26 27,32,31,30,29,28 26
8 25,26 25,24,23,22,48,47 26
8 6,7 6 7
8 10,11 10 11
8 12,15 12 15
9 40,39 40 39,38,37,36,54,53
9 6,7 6 7
9 10,11 10 11
9 14,15 14 15
9 18,19 18 19
9 22,23 22 23
10 25,24 25 24
10 20,19 20 19
10 12,11 12 11
10 7,6 7 6
11 17,16 17,35,34,20,19,18 16
11 15,5 15 5,6,7,14,2,4
11 8,11 8 11
12 12,11 12 11,10,9,8,15,14
12 2,3 2 3,4,5,6,39,40
12 19,20 19 20
12 23,24 23 24
12 27,28 27 28
12 29,32 29 32
13 5,6 5 6
13 40,39 40 39
13 10,9 10 9
13 17,18 17 18
13 21,22 21 22
14 18,17 18 17,16,15,26,25,24
14 6,7 6,5,4,3,14,13 7
15 2,3 2 3,4,8,9,12,37
15 9,10 9,12,37,3,4,8 10
15 14,15 14 15
15 17,18 17 18
15 21,22 21 22
16 31,30 31 30
16 19,18 19 18
16 13,12 13 12
16 9,8 9 8
16 39,40 39 40
16 5,3 5 3
17 38,39 38 39
17 26,25 26 25
17 19,20 19 20
17 15,14 15 14
17 6,5 6 5
18 25,24 25 24,13,14,16,19,23
18 16,17 16,19,23,24,13,14 17
18 11,10 11 10
18 5,3 5 3
19 10,9 10 9
19 8,7 8 7,6,31,24,23,14
19 24,25 24,23,14,7,6,31 25
19 26,27 26 27
20 25,24 25 24,13,14,16,19,23
20 16,17 16,19,23,24,13,14 17
20 11,10 11 10
20 3,4 3 4
21 14,13 14 13
21 21,20 21 20
21 8,7 8 7
21 6,5 6 5
21 3,2 3 2
22 6,7 6 7
22 32,33 32 33
22 10,11 10 11
22 14,15 14 15
22 18,19 18 19
23 11,10 11 10
23 7,6 7 6
23 30,31 30 31
24 33,32 33 32
24 6,7 6 7
24 10,11 10 11
25 9,12 9 12
25 8,7 8 7
25 4,3 4 3
25 18,19 18 19
25 28,27 28 27,41,42,43,25,26
26 38,3 38 3
26 4,5 4 5
26 8,9 8 9
26 10,11 10 11
26 14,15 14 15
27 38,37 38 37,26,27,29,32,36
27 29,30 29,32,36,37,26,27 30
27 24,23 24 23
27 20,19 20 19
27 11,12 11 12
27 43,44 43 44
27 8,7 8 7
27 3,2 3,4,5,6,7,52 2
27 48,49 48,47,46,45,44,51 49
28 35,34 35 34
28 31,30 31 30
28 5,6 5 6
28 9,10 9 10
28 12,13 12 13
28 16,17 16 17
29 30,29 30 29
29 23,22 23 22
29 15,14 15 14
29 10,9 10 9
30 18,17 18 17
30 14,13 14 13
30 3,4 3 4
31 2,3 2 3,4,5,6,46,47
31 37,38 37 38
31 41,42 41,40,39,38,45,44 42
31 10,11 10,35,36,7,8,9 11
31 12,13 12 13
32 31,30 31 30
32 24,23 24 23
32 20,19 20 19
33 2,3 2 3,4,5,6,49,50
33 17,16 17 16,15,14,13,20,19
33 13,12 13 12
33 6,7 6 7
33 44,43 44 43
33 21,22 21 22
33 25,26 25 26
34 3,38 3 38
34 4,5 4 5
34 8,9 8 9
34 12,13 12 13
35 8,11 8 11
35 5,15 5,6,7,14,2,4 15
35 20,21 20,19,18,17,61,60 21
35 25,26 25,24,23,22,40,39 26
35 44,45 44,43,42,41,59,58 45
36 4,5 4 5
36 9,10 9 10
37 15,14 15 14
37 10,9 10 9
37 6,5 6 5
39 2,3 2 3,4,5,6,51,52
39 47,46 47 46,45,44,43,50,49
39 43,42 43 42
39 6,7 6 7
39 11,10 11 10
39 18,19 18 19
39 22,23 22 23
40 39,38 39 38
40 25,26 25 26
40 20,19 20 19
40 16,15 16 15
40 9,8 9 8
40 5,3 5 3
41 39,38 39 38
41 35,34 35 34
41 5,3 5 3
41 27,26 27 26
41 9,10 9 10
41 13,14 13 14
42 9,12 9 12
42 8,7 8 7
42 4,3 4 3
42 18,19 18 19
43 18,17 18 17
43 29,30 29 30
43 12,11 12 11
43 8,7 8 7
43 5,4 5 4,3,42,41,37,7
43 2,3 2 3,42,41,37,7,4
43 42,43 42 43
44 5,6 5 6
44 12,11 12 11
44 41,42 41 42
44 19,20 19 20
44 23,24 23 24
45 13,12 13,14,15,16,17,21 12
45 11,10 11 10
45 3,2 3 2
46 28,27 28 27
46 24,23 24 23
46 20,19 20 19
47 21,20 21 20
47 17,16 17 16
47 13,12 13 12
48 21,20 21 20
48 16,15 16 15
48 9,8 9 8
49 55,56 55,54,53,71,70,69 56
49 6,7 6 7
49 10,11 10 11
49 12,15 12 15
50 38,37 38 37
50 25,26 25 26
50 20,19 20 19
50 16,15 16 15
50 8,9 8 9
50 5,3 5 3
51 14,13 14 13
51 11,10 11 10
51 7,6 7 6
52 13,12 13 12
52 6,5 6 5
52 21,22 21 22
52 27,28 27 28
53 28,27 28 27
53 6,7 6 7
53 10,11 10 11
54 34,33 34 33
54 31,30 31 30
54 26,25 26 25
54 4,5 4 5
54 8,9 8,7,6,5,23,22 9
55 31,28 31 28
55 27,26 27 26
55 21,20 21 20
55 15,14 15,16,17,18,36,37 14
55 14,38 14 38,43,42,41,40,39
55 14,13 14 13,12,11,10,54,53
56 2,25 4,5 2,4 25,5
56 7,8 7 8
57 40,14 40,41,42,43,44,45 14
57 14,13 14 13,12,11,10,56,55
57 14,15 14 15,39,38,18,17,16
57 18,19 18 19
57 22,23 22 23
57 28,29 28 29
57 30,33 30 33
58 34,33 34 33
58 2,3 2 3,33,32,28,7,4
58 4,5 4,3,33,32,28,7 5
58 7,8 7 8
58 11,12 11 12
59 6,7 6 7
59 11,12 11 12
59 15,16 15 16
59 20,21 20 21
59 23,24 23 24
60 23,22 23 22
60 6,7 6 7
60 10,11 10 11
61 11,12 11 12
62 37,14 37,38,39,40,41,42 14
62 14,13 14 13,12,11,10,53,52
62 14,15 14 15,36,35,18,17,16
62 18,19 18,17,16,15,36,35 19
62 20,23 20 23
62 26,27 26 27
62 28,31 28 31
63 32,29 32 29
63 28,27 28 27
63 20,19 20 19
63 11,12 11,10,9,8,15,14 12
63 3,2 3,4,5,6,42,43 2
64 5,6 5 6
64 6,7 6 7
64 39,40 39 40
64 39,47 39 47
64 27,28 27 28
65 29,28 29 28
65 16,17 16 17
65 11,10 11 10
65 5,3 5 3
66 43,42 43 42,41,40,39,47,46
66 39,3 39,47,46,42,41,40 3
66 4,5 4 5
66 8,9 8 9
66 12,13 12 13
66 16,17 16 17
66 18,21 18 21,29,28,24,23,22
66 24,25 24,23,22,21,29,28 25
67 27,26 27,32,31,30,29,28 26
67 26,33 26 33,34,35,36,37,42
67 26,25 26 25,24,23,22,44,43
67 6,7 6 7
67 10,11 10 11
67 12,15 12 15
68 11,10 11 10
68 7,6 7 6
68 29,30 29 30
68 33,34 33 34
69 21,20 21 20
69 19,18 19 18,17,36,31,30,25
69 7,6 7,34,35,14,13,8 6
69 5,2 5 2
70 21,20 21 20
70 17,16 17 16
70 10,9 10 9
70 6,5 6 5
71 48,47 48 47,46,45,44,43,50
71 43,42 43 42
71 8,7 8 7
71 3,2 3,4,5,6,7,51 2
71 11,12 11 12
71 19,20 19 20
71 23,24 23 24
72 10,9 10 9,12,39,3,4,8
72 3,2 3,4,8,9,12,39 2
72 14,15 14 15
72 18,19 18 19
72 34,35 34,19,20,24,25,31 35
72 31,32 31,34,19,20,24,25 32
72 25,26 25 26
73 16,15 16 15
73 11,10 11 10
73 6,5 6 5
74 40,39 40 39
74 36,35 36 35
74 17,18 17 18
74 21,22 21 22
74 9,8 9 8
74 5,4 5 4
75 10,11 10 11
75 14,15 14 15
75 21,22 21 22
76 11,12 11 12
77 42,41 42 41
77 38,37 38 37
77 3,2 3,37,36,32,7,4 2
77 4,5 4,3,37,36,32,7 5
77 7,8 7 8
77 11,12 11 12
77 15,16 15 16
78 2,3 2 3,4,5,6,50,51
78 6,7 6 7
78 46,45 46 45,44,43,42,49,48
78 42,41 42 41
78 11,10 11 10
78 18,19 18 19
78 22,23 22 23
79 29,28 29 28
79 22,21 22 21
79 18,17 18 17
79 3,2 3,4,5,6,37,38 2
80 10,9 10 9,12,37,3,4,8
80 3,2 3,4,8,9,12,37 2
80 14,15 14 15
80 18,19 18 19
80 21,22 21 22
81 8,9 8 9
81 12,13 12 13
81 17,18 17 18
81 22,23 22 23
82 17,18 17 18
82 21,22 21 22
83 26,25 26 25
83 23,22 23 22
83 19,18 19 18
83 14,13 14 13
83 11,10 11 10
84 11,12 11 12
85 10,11 10 11
85 14,15 14 15
85 21,22 21 22
86 33,32 33 32
86 20,21 20 21
86 15,14 15 14
86 10,9 10 9
86 6,5 6 5
87 21,28 21 28,46,45,31,30,29
87 17,16 17,48,47,20,19,18 16
87 8,11 8 11
88 41,40 41 40
88 39,38 39 38
88 36,35 36 35
88 27,26 27 26
88 19,18 19 18
88 12,11 12 11
88 7,6 7 6
88 5,3 5 3
89 37,36 37 36
89 19,20 19,18,17,16,31,30 20
89 11,1 11,49,48,14,13,12 1
90 6,5 6 5
91 18,17 18 17,16,15,14,21,20
91 14,13 14 13
91 3,2 3,23,22,6,5,4 2
92 5,6 5 6
92 7,6 7 6
92 40,41 40 41
92 40,48 40 48
92 27,28 27 28
92 31,32 31 32
93 10,9 10 9,12,28,3,4,8
93 3,2 3,4,8,9,12,28 2
93 14,15 14 15
93 20,21 20 21
94 10,9 10 9,12,13,3,4,8
94 3,2 3,4,8,9,12,13 2
94 15,16 15 16
94 18,19 18 19
94 26,27 26 27
95 9,8 9 8
95 5,4 5 4
96 20,19 20 19
96 13,12 13 12,11,10,27,26,25
97 5,4 5 4
97 18,19 18 19
97 30,31 30 31
97 33,34 33 34
98 40,39 40 39,38,37,36,45,44
98 36,35 36,45,44,39,38,37 35
98 30,29 30 29
98 6,7 6 7
98 12,13 12 13,22,21,16,15,14
98 16,17 16,15,14,13,22,21 17
99 9,8 9 8
100 15,14 15 14
100 12,11 12 11
100 7,6 7 6
101 34,3 34 3
101 4,5 4 5
101 8,9 8 9
101 12,13 12 13
101 16,17 16,15,14,13,31,30 17
102 37,36 37 36,35,34,33,51,50
102 2,3 2 3,4,5,6,28,32
102 6,7 6,28,32,3,4,5 7
102 12,13 12,11,10,9,27,26 13
103 21,20 21 20
103 17,16 17 16
103 13,12 13 12
104 38,37 38 37,40,44,3,4,36
104 2,3 2 3,4,36,37,40,44
104 6,7 6 7
104 11,12 11 12
104 14,15 14 15
104 18,19 18 19
105 26,25 26 25
105 22,21 22 21
105 14,13 14 13
105 10,9 10 9
106 12,11 12 11,10,9,8,26,25
106 8,7 8 7
106 5,4 5 4
106 3,33 3 33
107 2,3 2 3,4,42,43,46,50
107 43,44 43,46,50,3,4,42 44
107 6,7 6 7
107 14,15 14 15
107 19,20 19 20
108 11,12 11 12
108 15,16 15 16
108 20,21 20 21
109 15,14 15 14
109 6,5 6 5
110 24,23 24 23
110 6,7 6 7
110 10,11 10 11
111 21,20 21 20
111 3,4 3 4
111 7,8 7 8
112 37,36 37 36
112 14,15 14 15
112 18,19 18 19
113 17,18 17 18
114 62,61 62 61
114 58,57 58 57
114 54,53 54 53
114 50,15 50 15
114 15,14 15 14
114 15,16 15 16
114 15,33 15 33
114 19,20 19 20
114 27,28 27 28
114 11,10 11 10
114 3,2 3 2
114 36,37 36 37
114 44,45 44 45
115 34,31 34,42,41,37,36,35 31
115 30,29 30 29,28,27,13,12,11
115 13,14 13,12,11,29,28,27 14
115 15,18 15 18,26,25,21,20,19
115 9,8 9 8,43,44,3,4,5
115 5,6 5,8,43,44,3,4 6
115 44,45 44,3,4,5,8,43 45
116 5,6 5 6
116 41,40 41 40
116 12,13 12 13
116 16,17 16 17
116 28,29 28 29
117 4,5 4 5
117 8,9 8 9
118 2,3 2 3,4,5,6,40,41
118 41,42 41,3,4,5,6,40 42
118 6,7 6,40,41,3,4,5 7
118 12,13 12 13
118 16,17 16 17
118 22,23 22 23,32,29,26,25,24
118 29,30 29,26,25,24,23,32 30
118 26,27 26,25,24,23,32,29 27
119 2,3 2 3,4,5,6,40,41
119 11,12 11,10,9,8,31,30 12
119 35,36 35,34,33,32,39,38 36
119 13,14 13 14
119 16,17 16 17
119 18,21 18 21
120 10,11 10 11
120 13,14 13 14
120 24,25 24 25
121 33,3 33 3
121 4,5 4 5
121 8,9 8 9
121 10,11 10 11,29,28,14,13,12
123 7,6 7 6
123 4,2 25,2 4,25 2
123 17,18 17 18
124 31,30 31 30
124 27,26 27 26
124 6,7 6 7
124 10,11 10 11
125 10,9 10 9,12,36,3,4,8
125 3,2 3,4,8,9,12,36 2
125 14,15 14 15
125 19,20 19 20
125 24,25 24 25
126 26,25 26 25
126 6,7 6 7
126 11,12 11 12
127 10,9 10 9,12,27,3,4,8
127 3,2 3,4,8,9,12,27 2
127 14,15 14 15
128 35,14 35,36,37,38,39,40 14
128 14,13 14 13,12,11,10,51,50
128 18,19 18 19
128 24,25 24 25
128 26,29 26 29
129 22,23 22 23
129 6,7 6 7
129 10,11 10 11
130 35,34 35 34
130 29,28 29 28,27,26,25,43,42
130 14,13 14 13
131 2,3 2 3,4,5,6,56,57
131 57,58 57,3,4,5,6,56 58
131 6,7 6,56,57,3,4,5 7
131 12,13 12,11,10,9,55,54 13
131 18,19 18 19
131 22,23 22 23
131 26,27 26 27
131 32,33 32,31,30,29,46,45 33
131 41,42 41,38,37,36,35,44 42
131 38,39 38,37,36,35,44,41 39
132 21,20 21 20
132 17,16 17 16
132 14,13 14 13
132 39,40 39,3,4,5,37,38 40
132 3,2 3,4,5,37,38,39 2
133 26,25 26 25
133 22,21 22 21
133 14,13 14 13
133 10,9 10 9
134 39,38 39 38
134 35,34 35 34
134 9,8 9 8
134 5,4 5 4
134 17,18 17 18
134 21,22 21 22
135 5,6 5 6
135 6,7 6 7
135 35,36 35 36
135 35,43 35 43
135 27,28 27 28
136 35,34 35 34
136 33,32 33 32,17,18,20,27,31
136 20,21 20,27,31,32,17,18 21
136 22,23 22 23
136 15,14 15 14
136 12,11 12 11
136 7,6 7 6
137 11,10 11 10
137 4,2 4 2
138 2,3 2 3,4,5,8,9,39
138 5,6 5,8,9,39,3,4 6
138 9,10 9 10
138 15,16 15 16
138 22,23 22,21,18,17,16,25 23
138 18,19 18,17,16,25,22,21 19
138 26,27 26 27
138 33,34 33 34
139 38,14 38,39,40,41,42,43 14
139 14,13 14 13,12,11,10,54,53
139 18,19 18 19
139 22,23 22 23
139 26,27 26 27
139 28,31 28 31
140 21,20 21 20
140 17,16 17 16
140 13,12 13 12
141 36,3 36 3
141 4,5 4 5,6,7,10,32,33
141 10,11 10,32,33,5,6,7 11
141 16,17 16,15,14,13,31,30 17
142 6,5 6 5
142 13,14 13 14
142 17,18 17 18
143 35,34 35 34,33,32,31,49,48
143 6,7 6 7
143 10,11 10 11
143 14,15 14 15
143 18,19 18 19
144 14,13 14 13
144 5,4 5 4
145 5,6 5 6
145 34,35 34 35
145 9,10 9 10
145 13,14 13 14
145 20,21 20 21
146 28,27 28 27
146 43,44 43 44
146 36,37 36 37
146 24,23 24 23
146 20,19 20 19
147 8,7 8 7
147 6,5 6 5
148 29,26 29 26
148 25,24 25 24
148 17,16 17 16
148 42,43 42 43
148 8,7 8 7
149 18,17 18 17,20,24,25,14,15
149 25,26 25,14,15,17,20,24 26
149 12,11 12 11
149 5,3 5 3
150 3,5 3 5
150 6,7 6 7
150 18,19 18 19
150 30,31 30 31
150 39,40 39 40
150 42,43 42 43
150 47,44 47 44
151 28,27 28 27
151 34,35 34 35
151 20,19 20 19
151 17,16 17 16
151 13,12 13 12
152 5,6 5 6
152 40,41 40 41
152 9,10 9 10
152 14,15 14 15
152 21,22 21 22
153 2,3 2 3,4,5,6,66,67
153 6,7 6,66,67,3,4,5 7
153 12,13 12 13
153 62,63 62,61,20,17,16,15 63
153 20,21 20,17,16,15,62,61 21
153 17,18 17,16,15,62,61,20 18
153 26,27 26 27
153 57,58 57,56,34,31,30,29 58
153 34,35 34,31,30,29,57,56 35
153 31,32 31,30,29,57,56,34 32
153 40,41 40 41
153 52,53 52,51,48,45,44,43 53
153 48,49 48,45,44,43,52,51 49
153 45,46 45,44,43,52,51,48 46
154 54,34 54 34
154 35,36 35 36
154 27,28 27 28
154 26,25 26 25
154 14,13 14 13
155 63,3 63 3
155 4,5 4 5
155 36,37 36 37
155 15,16 15 16
155 19,20 19,18,17,16,34,33 20
155 40,41 40 41
156 15,14 15 14
157 23,22 23 22
157 6,5 6 5
157 8,9 8 9
158 23,26 23 26
158 22,21 22 21
158 14,13 14 13
158 12,11 12 11,10,9,8,35,34
158 39,40 39,38,37,36,43,42 40
158 3,2 3,4,5,6,44,45 2
159 6,7 6 7
159 11,12 11 12
159 14,15 14 15
160 10,11 10 11
160 14,15 14 15
160 18,19 18 19
161 28,25 28 25
161 24,23 24 23
161 19,18 19 18
161 15,14 15,35,34,18,17,16 14
161 14,13 14 13,12,11,10,52,51
161 14,36 14 36,37,38,39,40,41
162 32,31 32 31
162 9,10 9 10
163 40,3 40,48,47,43,42,41 3
163 4,5 4 5,39,37,8,7,6
163 8,9 8,7,6,5,39,37 9
163 10,11 10 11
163 14,15 14 15
163 16,17 16 17,35,34,20,19,18
163 20,21 20,19,18,17,35,34 21
163 22,25 22 25,33,32,28,27,26
164 17,18 17 18
164 21,22 21 22
164 25,26 25 26
165 31,28 31 28
165 27,26 27 26
165 21,20 21 20
165 15,14 15,16,17,18,36,37 14
165 14,38 14 38,43,42,41,40,39
165 14,13 14 13,12,11,10,54,53
166 8,7 8 7
167 5,6 5 6
167 9,10 9 10
167 13,14 13 14
168 15,14 15 14
169 40,39 40,41,42,43,44,48 39
169 38,37 38 37,36,35,34,50,49
169 20,21 20,19,18,17,33,32 21
169 12,1 12,52,51,15,14,13 1
170 27,24 27 24
170 23,22 23 22
170 19,18 19 18
170 15,14 15,32,31,18,17,16 14
170 14,13 14 13,12,11,10,49,48
170 14,33 14 33,34,35,36,37,38
171 2,3 2 3,4,5,6,60,61
171 6,7 6,60,61,3,4,5 7
171 12,13 12 13
171 19,20 19,17,16,15,57,56 20
171 25,26 25 26
171 32,33 32,30,29,28,53,52 33
171 38,39 38 39
171 45,46 45,43,42,41,49,48 46
172 11,10 11 10
172 7,6 7 6
172 25,26 25 26
172 29,30 29 30
173 15,14 15 14
174 32,31 32 31,30,29,28,35,34
174 3,2 3,4,5,6,36,37 2
174 11,12 11,10,9,8,27,26 12
174 17,18 17 18
174 19,22 19 22
175 5,4 5 4
175 18,19 18 19
175 23,24 23 24
175 38,39 38 39
175 42,43 42 43
176 19,18 19 18
176 15,14 15 14
176 13,12 13 12
176 26,27 26 27
177 44,29 44 29
177 30,31 30 31
177 22,23 22 23
177 21,20 21 20
177 13,12 13 12
178 5,4 5 4
178 21,22 21 22
179 10,9 10 9
179 4,2 4 2
180 28,27 28 27
180 50,51 50 51
180 50,58 50 58
180 6,7 6 7
180 6,5 6 5
181 12,13 12 13
181 16,17 16 17
181 20,21 17,18,19,20,26,30 21
182 45,30 45,46,47,48,49,50 30
182 32,31 32 31
182 23,24 23 24,25,26,27,28,29
182 22,21 22 21
182 14,13 14 10,11,12,13,53,54
183 17,16 17 13,14,16,19,23,24
183 24,25 13,14,16,19,23,24 25
183 11,10 11 10
183 5,3 5 3
184 2,3 2 3,4,5,6,59,60
184 12,11 12 8,9,10,11,14,15
184 19,20 16,17,18,19,57,58 20
184 20,34 20 34,35,36,37,55,56
184 25,26 25 26
184 27,30 27 30
184 37,38 34,35,36,37,55,56 38
184 50,51 47,48,49,50,53,54 51
184 42,43 39,40,41,42,45,46 43
185 27,26 27 26
185 20,19 20 19
185 8,9 8 9
186 8,7 8 7
187 5,6 5 6
187 9,10 9 10,11,16,17,23,25
187 17,18 10,11,16,17,23,25 18
188 3,24 3 24
188 4,5 4 5,6,7,8,22,23
189 44,43 44 40,41,42,43,56,57
189 25,26 22,23,24,25,38,39 26
189 17,16 17,18,19,20,58,59 16
190 2,3 2 3,4,8,9,33,34
190 35,34 35 3,4,8,9,33,34
190 11,12 11 12
190 16,17 16 17
190 21,22 21 22
191 5,3 5 3
191 6,7 6 7
191 18,19 18 19
191 26,27 26 27
191 38,39 38 39
191 40,43 40 43
192 2,3 2 3,4,5,6,29,30
192 20,21 20 21,22,23,24,27,28
192 24,25 21,22,23,24,27,28 25
192 10,11 7,8,9,10,18,19 11
193 13,12 13,14,15,16,17,18 12
193 10,9 10 9
193 7,6 7 6
194 3,2 3 2
194 7,8 7 8,9,10,11,34,38
194 11,12 8,9,10,11,34,38 12
194 32,31 32 31
194 14,15 14 15,16,17,18,19,20
195 9,8 9 8
195 17,16 17 5,6,15,16,24,57
195 5,4 5,6,15,16,24,57 4
195 26,27 26 27
195 30,31 30 31,32,33,34,35,36
196 15,14 15 14
196 11,10 11 10
196 5,3 5 3
197 18,17 18 14,15,17,20,24,25
197 25,26 14,15,17,20,24,25 26
197 12,11 12 11
197 5,3 5 3
198 50,49 50,51,52,53,67,68 49
198 46,45 46 45
198 4,5 4 5
198 13,14 13 14
198 17,18 17 18
199 10,11 10 11
199 8,7 8 7
200 31,32 15,16,18,26,30,31 32
200 18,19 15,16,18,26,30,31 19
200 13,12 13 12
200 9,8 9 8
200 41,42 41 42
200 5,3 5 3
201 10,9 10 3,4,8,9,12,39
201 3,2 3,4,8,9,12,39 2
201 14,15 14 15
201 19,20 19 20
201 22,23 22 23
202 11,12 11 12,13,17,18,19,21
203 12,13 12 13
203 16,17 16 17,18,19,20,26,30
203 20,21 17,18,19,20,26,30 21
204 31,30 31 15,16,18,25,29,30
204 18,19 15,16,18,25,29,30 19
204 13,12 13 12
204 8,7 8 3,4,7,40,44,45
204 5,4 5 3,4,7,40,44,45
204 2,3 2 3,4,7,40,44,45
204 46,45 46 3,4,7,40,44,45
205 2,3 2 3,4,5,6,7,8
205 31,32 7,8,9,10,11,31 32
205 11,12 7,8,9,10,11,31 12
205 15,16 15 16,17,18,19,25,29
205 19,20 16,17,18,19,25,29 20
206 14,13 14 13
206 3,2 3 2
207 30,29 30 26,27,28,29,43,44
207 6,7 4,5,6,23,24,25 7
207 10,11 10 11
207 14,15 14 15
208 24,21 24 21
208 20,19 20 19
208 12,11 12 9,10,11,32,33,34
209 11,10 11 10
209 6,5 6 5
210 21,20 21 17,18,19,20,26,31
210 17,16 17,18,19,20,26,31 16
210 13,12 13 9,10,11,12,33,34
211 25,24 25 24
211 21,20 21 20
211 14,13 14 13
211 10,9 10 9
212 28,27 28 12,13,15,22,26,27
212 15,16 12,13,15,22,26,27 16
212 10,9 10 9
212 4,2 4 2
213 42,41 42 26,27,29,36,40,41
213 30,29 30 26,27,29,36,40,41
213 24,23 24 23
213 20,19 20 10,11,17,18,19,49
213 11,12 10,11,17,18,19,49 12
213 51,52 8,9,10,49,50,51 52,53,54,55,56,59
213 8,7 8,9,10,49,50,51 3,4,5,6,7,60
213 56,57 52,53,54,55,56,59 57
213 3,2 3,4,5,6,7,60 2
214 17,16 17,18,19,20,21,22 14,15,16,23,30,31
214 24,23 24,25,26,27,28,29 14,15,16,23,30,31
214 11,10 11 10
214 6,5 6 3,4,5,8,32,33
214 34,33 34 3,4,5,8,32,33
215 12,11 12 8,9,10,11,14,15
215 2,3 2 3,4,5,6,34,35
215 19,20 16,17,18,19,32,33 20
215 23,24 23 24
215 25,28 25 28
216 21,20 21 17,18,19,20,26,30
216 16,17 16 17,18,19,20,26,30
216 13,12 13 9,10,11,12,32,33
217 27,30 27 30
217 26,25 26 25
217 19,18 19 15,16,17,18,37,38
217 15,14 15,16,17,18,37,38 14
217 14,13 14 10,11,12,13,54,55
217 14,39 14 39,40,41,42,43,44
218 12,11 12 5,6,10,11,19,45
218 4,5 4 5,6,10,11,19,45
218 21,22 21 22,23,24,25,26,27
219 21,20 21 17,18,19,20,26,30
219 17,16 17,18,19,20,26,30 16
219 13,12 13 9,10,11,12,32,33
220 6,7 6 7,8,9,10,48,49
220 15,16 12,13,14,15,28,29 16
220 33,34 30,31,32,33,46,47 34
221 24,23 24 23
221 17,16 17 16
221 13,12 13 9,10,11,12,35,36
222 16,15 16 15
222 11,10 11 10
222 6,5 6 5
223 24,23 24 23
223 18,17 18 14,15,16,17,30,31
223 3,2 3,4,5,6,32,33 2
224 22,21 22 18,19,20,21,27,31
224 18,17 18,19,20,21,27,31 17
224 14,13 14 10,11,12,13,33,34
225 36,35 36 35
225 32,31 32 31
225 45,30 45,46,47,48,49,50 30
225 24,23 24,25,26,27,28,29 23
225 22,21 22 21
225 18,17 18 17
225 14,13 14 10,11,12,13,53,54
226 9,6 9 6
226 5,4 5 4
226 13,14 13 14
226 18,19 18 19
226 23,24 23 24
226 29,30 26,27,28,29,61,62 30
226 30,31 30 31,32,33,34,35,36
226 30,46 30 46,47,48,49,50,51
227 10,9 10 3,4,8,9,12,27
227 2,3 2 3,4,8,9,12,27
227 14,15 14 15
227 20,21 20 21
228 3,31 3 31
228 4,5 4 5
228 10,11 10 11,12,13,14,28,29
229 2,3 2 3,4,5,6,7,51
229 8,7 8 3,4,5,6,7,51
229 48,47 48 43,44,45,46,47,50
229 42,43 8,9,10,40,41,42 43,44,45,46,47,50
229 12,11 12 10,11,17,18,19,40
229 20,19 20 10,11,17,18,19,40
229 23,24 23 24,25,26,27,28,29
230 3,26 3 26
230 4,5 4 5
230 6,7 6 7,8,9,10,24,25
231 27,26 27,28,29,30,31,32 26
231 33,26 33,34,35,36,47,46 26
231 25,26 22,23,24,25,49,50 26
231 6,7 4,5,6,19,20,21 7
231 10,11 10 11
231 12,15 12 15
232 10,9 10 3,4,8,9,12,13
232 2,3 2 3,4,8,9,12,13
232 15,16 15 16
232 19,20 19 20
232 22,23 22 23
232 27,28 27 28
233 8,7 8,9,10,11,12,16 7
234 21,20 21,22,23,24,26,27 17,18,20,28,32,33
234 34,33 34,35,36,37,39,40 17,18,20,28,32,33
234 15,14 15 14
234 10,9 10 6,7,8,9,42,46
234 6,5 6,7,8,9,42,46 5
235 68,3 68 3
235 4,5 4 5
235 8,9 8 9
235 12,13 12 13
235 40,41 40 41
235 44,45 44 45,46,47,48,62,63
235 15,16 15 16
235 19,20 19 20,21,22,23,37,38
236 6,5 6 5
236 16,17 16 17
237 28,27 28 23,24,25,26,27,30
237 22,23 8,9,10,20,21,22 23,24,25,26,27,30
237 8,7 8,9,10,20,21,22 3,4,5,6,7,31
237 2,3 2 3,4,5,6,7,31
237 14,15 10,11,12,13,14,20 15
238 5,6 5 6
238 7,8 7 8,9,10,11,12,16
239 37,36 37 33,34,35,36,42,46
239 32,33 32 33,34,35,36,42,46
239 29,28 29 25,26,27,28,48,49
240 13,12 13 6,7,11,12,19,41
240 5,6 5 6,7,11,12,19,41
240 21,22 21 22
240 25,26 25 26
240 30,31 30 31
241 2,3 2 3,4,30,31,34,38
241 6,7 6 7
241 10,11 10 11
241 17,18 17 18
241 31,32 3,4,30,31,34,38 32
242 8,9 8 9
243 2,3 2 3,4,13,14,17,48 
243 14,15 3,4,13,14,17,48 15
243 6,7 6 7
243 19,20 19 20
243 23,24 23 24,25,26,27,28,29
244 2,3 2 3,4,8,9,12,34
244 9,10 3,4,8,9,12,34 10
244 14,15 14 15
244 17,18 17 18
245 9,10 9 10
245 13,14 13 14
245 44,45 44 45
245 48,49 48 49
245 22,23 22 23
245 26,27 26 27
246 2,3 2 3,4,5,6,49,50
246 6,7 3,4,5,6,49,50 7
246 40,41 40 41,42,43,44,47,48
246 44,45 41,42,43,44,47,48 45
246 10,11 9,10,16,17,18,38 11
246 18,19 9,10,16,17,18,38 19
246 22,23 22 23,24,25,26,35,36
247 36,37 36 37,38,39,40,54,55
247 11,12 11 12,13,14,15,29,30
247 4,5 4 5
247 3,58 3 58 
248 10,11 10 11
248 3,5 3 5
249 5,6 5 6,7,26,27,34,41
249 27,28 6,7,26,27,34,41 28
249 11,12 11 12
249 17,18 17 18
250 22,23 19,20,21,22,25,26 23
250 18,19 18 19,20,21,22,25,26
250 12,13 12 13
250 8,9 8 9
250 3,5 3 5
250 43,44 43 44
250 32,33 32 33,34,35,36,39,40
250 36,37 33,34,35,36,39,40 37 
251 18,19 18 19,20,21,22,23,24
251 25,26 25 26,27,28,29,30,31
251 12,13 12 13
251 10,11 10 11
252 2,3 2 3,4,5,6,36,37
252 10,11 7,8,9,10,25,26 11
252 12,13 12 13
252 27,28 27 28,29,30,31,34,35
252 31,32 28,29,30,31,34,35 32
253 2,3 2 3,4,8,9,12,27
253 9,10 3,4,8,9,12,27 10
253 14,15 14 15
253 20,21 20 21
254 34,35 6,7,33,34,41,45 35
254 5,6 5 6,7,33,34,41,45
254 9,10 9 10
254 13,14 13 14
254 16,17 16 17
254 24,25 24 25
255 11,12 11,10,9,8,15,14 12
255 2,3 2 3,4,5,6,34,35
255 19,20 16,17,18,19,32,33 20
255 23,24 23 24
255 25,28 25 28
256 18,19 13,14,15,16,17,18 19
256 22,23 22 23,24,25,26,27,28
256 34,35 32,33,34,40,41,42 35
257 9,10 9 10
257 16,17 16 17
258 14,15 14 15 
258 9,10 9 10
258 5,6 5 6
259 2,3 2 3
259 42,43 42 43
259 48,49 48 49
259 31,32 31 32
259 14,15 14 15
259 25,26 25 26
259 60,61 60 61
260 4,5 4 5
260 18,19 18 19
260 23,24 23 24
260 28,29 28 29
260 35,36 35 36
260 38,39 38 39
261 5,6 3,4,5,8,9,10 6
261 10,11 3,4,5,8,9,10 11
262 30,31 30 31
262 9,10 9 10
262 13,14 13 14
263 2,3 2 3,4,8,9,12,13
263 9,10 3,4,8,9,12,13 10
263 15,16 15 16
263 20,21 20 21
263 28,29 28 29
264 19,20 19 20 
264 6,7 6 7 
264 2,3 2 3,4,34,35,38,68
264 35,36 3,4,34,35,38,68 36
264 40,41 40 41 
264 52,53 52 53
265 2,3 2 3,4,8,9,12,28
265 9,10 3,4,8,9,12,28 10
265 14,15 14 15 
265 20,21 20 21
266 6,7 6 7
266 20,21 20 21
267 29,30 26,27,28,29,43,44 30
267 6,7 4,5,6,23,24,25 7 
267 8,11 8 11
267 14,15 14 15
267 16,19 16 19
268 2,3 2 3,4,5,6,58,59
268 6,7 3,4,5,6,58,59 7
268 10,11 9,10,20,21,22,47 11
268 22,23 9,10,20,21,22,47 23
268 25,26 25 26,27,28,29,30,31
268 49,50 49 50,51,52,53,56,57
268 53,54 50,51,52,53,56,57 54
269 5,6 2,3,4,5,64,65 6
269 6,7 6 7,8,9,10,12,13
269 49,50 49 50,51,52,53,55,56
269 49,57 49 57,58,59,60,62,63
269 27,28 27 28
269 31,32 31 32
269 35,36 35 36
270 32,33 32 33
270 2,3 2 3
270 4,5 4 5
270 7,8 7 8 
270 11,12 11 12,13,14,15,24,25
271 20,21 20 21 
271 16,17 16 17
271 12,13 12 13
272 42,43 42 43
272 35,36 35 36
272 31,32 31 32
272 20,21 20 21
272 2,3 2 3,4,5,6,70,71
272 11,12 8,9,10,11,14,15 12
273 14,15 14 15
273 9,10 9 10
273 5,6 5 6 
274 2,3 2 3,4,5,6,7,8
274 11,12 9,10,11,14,34,35 12
274 14,15 9,10,11,14,34,35 15
274 18,19 18 19
274 22,23 22 23
275 22,23 19,20,21,22,25,28 23
275 25,26 19,20,21,22,25,28 26
275 18,19 18 19,20,21,22,25,28
275 16,17 16 17 
275 8,9 8 9
275 6,7 3,4,5,6,35,36 7
275 2,3 2 3,4,5,6,35,36
275 36,37 3,4,5,6,35,36 37
276 35,36 32,33,34,35,40,41 36
276 31,32 31 32,33,34,35,40,41
276 27,28 27 28
276 6,7 6 7
276 10,11 10 11,12,13,14,19,20
276 14,15 11,12,13,14,19,20 15
277 15,16 13,15,18,22,23,12 16
277 23,24 13,15,18,22,23,12 24
277 9,10 9 10
277 3,4 3 4
278 13,14 13 14 
278 18,19 18 19
278 23,24 23 24,25,26,27,59,60
278 27,28 24,25,26,27,59,60 28
278 28,29 28 29,30,31,32,33,34
278 28,44 28 44,45,46,47,48,49
279 6,7 6 7
279 15,16 15 16
279 9,10 9 10
280 38,39 6,7,37,38,45,49 39
280 5,6 5 6,7,37,38,45,49
280 9,10 9 10
280 13,14 13 14
280 16,17 16 17
281 19,20 19 20,21,22,23,37,38
281 3,4 3 4,5,6,7,15,16
281 7,8 4,5,6,7,15,16 8 
281 9,12 9 12
282 4,5 4 5
282 8,9 8 9,10,11,12,50,51
282 17,18 14,15,16,17,30,31 18
282 36,35 36 32,33,34,35,48,49
283 3,5 3 5
283 11,12 11 12
283 18,19 21,18,15,14,27,26 19
283 27,28 21,18,15,14,27,26 28
284 17,18 17 18
284 10,11 10 11
284 2,3 2 3,4,30,31,32,33
284 62,63 62,61,35,34,33,32 63
284 37,38 37 38
284 41,42 41 42
284 48,49 48 49
285 9,12 9 12
285 7,8 7 8
285 3,4 3 4
285 18,19 18 19
285 22,23 22 23,24,25,26,27,28
285 34,35 32,33,34,48,49,50 35
286 2,3 2 3,4,5,6,20,21 
286 25,26 25 26
286 29,30 29 30
286 35,36 35 36
287 6,7 6 7
287 8,11 8 11
287 18,19 18 19,20,21,22,64,65
287 27,28 24,25,26,27,42,43 28
287 47,48 44,45,46,47,62,63 48
288 2,3 2 3
288 4,5 4 5
288 33,34 33 34
288 7,8 7 8
288 11,12 11 12,13,14,15,16,17
289 14,15 14 15
289 10,11 10 11
289 3,5 3 5
290 2,3 2 3,4,5,6,46,47
290 11,12 8,9,10,11,14,15 12
290 19,20 16,17,18,19,44,45 20
290 22,23 22 23
290 27,28 27 28
290 29,32 29 32
291 2,3 2 3,4,8,9,35,36
291 36,37 3,4,8,9,35,36 37
291 11,12 11 12
291 18,19 18 19
292 3,38 3 38
292 4,5 4 5
292 10,11 10 11
292 16,17 16 17,18,19,20,34,35
293 39,40 39 40
293 5,6 5 6
293 9,10 9 10
293 14,15 14 15
293 18,19 18 19
294 35,36 35 36
294 31,32 31 32
294 6,7 6 7
294 10,11 10 11
295 2,3 2 3,4,8,9,12,39
295 9,10 3,4,8,9,12,39 10
295 14,15 14 15
295 17,18 17 18
295 20,21 20 21
296 17,18 17 18
296 9,10 9 10
297 2,3 2 3
297 27,28 27 28
297 13,14 13 14
298 40,41 40 41,42,43,44,58,59
298 36,37 36 37
298 9,10 9 10
298 13,14 13 14
299 3,50 3 50
299 4,5 4 5
299 10,11 10 11,12,13,14,28,29
299 10,30 10 30,31,32,33,47,48
300 6,7 6 7
300 22,23 22 23
300 10,11 10 11
301 39,40 39 40
301 33,34 33 34
301 6,7 6 7
301 11,12 11 12
302 2,3 2 3,4,5,6,38,39
302 11,12 8,9,10,11,14,15 12
302 19,20 16,17,18,19,36,37 20
302 22,23 22 23
302 24,27 24 27
303 8,11 8 11
303 5,15 5 15
303 21,22 21 22,23,24,25,39,40
303 21,41 21 41,42,43,44,58,59
304 21,22 21 22
304 17,18 17 18
304 13,14 13 14
304 30,31 30 31
304 37,38 37 38
305 5,6 5 6
305 12,13 12 13
305 18,17 18 17
306 13,14 10,11,12,13,43,44 14
306 17,18 17 18
306 19,20 19 20,21,22,23,24,25
306 26,36 26 36,37,38,39,40,41
306 27,28 27 28
307 5,6 5 6,7,11,12,19,45
307 12,13 6,7,11,12,19,45 13
307 21,22 21 22
307 25,26 25 26
307 32,33 32 33
308 21,22 21 22
308 17,18 17 18
308 13,14 13 14
309 3,36 3 36
309 4,5 4 5
309 10,11 10 11
309 14,15 14 15,16,17,18,32,33
310 33,34 30,31,32,33,37,38 34
310 27,30 27 30,31,32,33,37,38 
310 25,26 22,23,24,25,39,40 26
310 10,11 10 11,12,13,14,41,42
310 8,9 3,4,5,8,43,44 9
310 5,6 3,4,5,8,43,44 6
310 2,3 2 3,4,5,8,43,44
310 44,45 3,4,5,8,43,44 45
311 22,23 22 23
311 19,20 19 20
311 15,16 15 16
311 2,3 2 3,4,9,10,13,39
311 10,11 3,4,9,10,13,39 11
312 12,13 12 13
312 16,17 16 17
312 20,21 20 21
313 2,4 2 4
313 10,11 10 11
314 36,37 36 37,38,39,40,54,55
314 29,30 29 30
314 4,5 4 5,6,7,8,22,23
315 5,6 2,3,4,5,65,66 6
315 6,7 6 7,8,9,10,12,13
315 27,28 27 28
315 50,51 50 51,52,53,54,56,57
315 50,58 50 58,59,60,61,63,64
316 13,14 13 14
316 4,5 4 5
