2 21,20 21 7,9,11,20
2 8,7 8 1,3,5,7,9
2 12,11 12 7,9,11,20
2 14,13 14 11,13,16,18,20
2 15,13 15 11,13,16,18,20
2 10,9 10 1,3,5,7,9
2 2,1 2 1,3,5,7,9
2 17,16 17 1,3,16,18
2 19,18 19 1,3,16,18
2 4,3 4 1,3,5,7,9
3 2,1 ; ;
3 5,3 ; ;
3 3,4 ; ;
4 12,11 ; ;
4 8,7 ; ;
4 2,3 ; ;
4 2,5 ; ;
5 10,5 ; ;
5 6,5 ; ;
5 5,4 ; ;
6 7,1 ; ;
6 1,2 ; ;
6 1,12 ; ;
7 5,7 ; ;
7 8,9 ; ;
7 10,12 ; ;
8 10,9 ; ;
8 12,11 ; ;
8 15,14 15 5,7,13,14,16
8 6,5 6 5,7,13,14,16
8 2,1 2 1,3,5,7,13,14
8 4,3 4 1,3,5,7,13,14
8 17,16 17 1,3,5,16,14
8 18,16 18 1,3,5,16,14
9 13,12 ; ;
9 1,2 1 2,15,7,9,14
9 8,7 8 2,15,7,9,14
9 4,3 4 2,3,5,7,9,14
9 6,5 6 2,3,5,7,9,14
9 17,15 17 2,3,5,7,15
9 16,15 16 2,3,5,7,15
10 7,8 ; ;
10 11,9 ; ;
10 9,10 ; ;
11 4,3 ; ;
11 3,8 ; ;
11 2,1 ; ;
11 13,19 ; ;
11 13,14 ; ;
12 2,1 2 1,9,7,12,13
12 8,7 8 1,9,7,12,13
12 4,3 4 1,3,5,7,12,13
12 6,5 6 1,3,5,7,12,13
12 11,9 11 1,3,5,7,9
12 10,9 10 1,3,5,7,9
13 3,1 ; ;
13 2,1 ; ;
13 6,4 ; ;
13 5,4 ; ;
14 2,1 ; ;
14 4,3 ; ;
14 6,5 ; ;
14 8,7 ; ;
14 10,9 ; ;
14 12,11 ; ;
15 1,2 ; ;
16 12,10 ; ;
16 8,6 ; ;
16 6,3 ; ;
16 5,4 ; ;
16 3,2 ; ;
16 9,8 ; ;
17 2,1 2 1,3,5,17,15
17 16,15 16 1,3,5,17,15
17 4,3 4 1,3,5,17,15
17 6,5 6 1,3,5,17,15
17 18,17 18 1,3,5,17,15
17 19,17 19 1,3,5,17,15
18 3,1 ; ;
18 1,7 ; ;
18 10,11 ; ;
18 12,13 ; ;
19 11,1 ; ;
19 1,4 ; ;
20 8,7 8 1,9,7,12,13
20 2,1 2 1,9,7,12,13
20 6,5 6 1,3,5,7,12,13
20 4,3 4 1,3,5,7,12,13
20 10,9 10 1,3,5,7,9
20 11,9 11 1,3,5,7,9
21 6,5 6 5,7,14,15,17
21 16,15 16 5,7,14,15,17
21 1,2 1 2,3,5,7,14,15
21 4,3 4 2,3,5,7,14,15
21 18,17 18 2,3,5,17,15
21 19,17 19 2,3,5,17,15
22 4,1 ; ;
22 7,6 ; ;
22 9,8 ; ;
22 13,12 ; ;
23 7,6 ; ;
23 5,3 ; ;
23 2,3 ; ;
23 1,8 ; ;
23 1,15 ; ;
23 15,17 ; ;
23 18,19 ; ;
23 11,9 ; ;
23 9,13 ; ;
24 9,10 ; ;
24 3,2 ; ;
24 8,7 ; ;
25 4,3 ; ;
25 7,6 ; ;
25 9,10 ; ;
25 13,16 ; ;
26 2,1 ; ;
26 6,4 ; ;
26 3,1 ; ;
27 3,1 ; ;
27 1,5 ; ;
27 6,5 ; ;
28 6,5 ; ;
28 2,4 ; ;
29 35,36 ; ;
29 33,29 ; ;
29 29,28 ; ;
29 27,26 ; ;
29 7,8 ; ;
29 9,10 ; ;
29 10,14 ; ;
29 16,17 ; ;
29 43,42 ; ;
29 1,2 ; ;
30 12,9 ; ;
30 9,8 ; ;
30 2,3 ; ;
30 4,5 ; ;
31 1,4 ; ;
31 9,11 ; ;
31 12,13 ; ;
31 3,2 ; ;
31 14,13 ; ;
32 11,8 ; ;
32 8,7 ; ;
32 14,13 ; ;
32 16,15 ; ;
32 19,18 ; ;
32 9,10 ; ;
33 17,3 ; ;
33 1,21 ; ;
33 6,7 ; ;
33 5,14 ; ;
33 8,9 ; ;
33 11,12 ; ;
34 14,13 ; ;
34 10,1 ; ;
34 1,2 ; ;
34 5,6 ; ;
34 1,18 ; ;
35 7,8 ; ;
36 8,7 ; ;
36 12,13 ; ;
36 11,10 ; ;
36 6,5 ; ;
36 4,3 ; ;
36 2,1 ; ;
37 3,4 ; ;
37 2,1 ; ;
37 9,8 ; ;
37 7,10 ; ;
38 15,14 ; ;
38 11,1 ; ;
38 1,4 ; ;
38 5,7 ; ;
38 8,9 ; ;
39 1,4 ; ;
39 8,9 ; ;
40 9,1 ; ;
40 1,2 ; ;
41 17,16 ; ;
41 14,13 ; ;
41 10,3 ; ;
41 6,7 ; ;
42 8,7 ; ;
42 5,4 ; ;
42 1,15 ; ;
43 2,1 ; ;
44 4,2 ; ;
45 11,6 ; ;
45 4,2 ; ;
46 3,2 ; ;
47 11,1 ; ;
47 2,4 ; ;
48 3,1 ; ;
48 1,9 ; ;
48 1,6 ; ;
49 12,11 ; ;
49 15,14 ; ;
49 10,7 ; ;
49 4,3 ; ;
49 17,18 ; ;
49 27,36 ; ;
49 39,40 ; ;
49 43,46 ; ;
49 50,51 ; ;
49 47,48 ; ;
50 42,41 ; ;
50 40,39 ; ;
50 37,33 ; ;
50 5,6 ; ;
50 9,10 ; ;
50 13,16 ; ;
50 17,18 ; ;
50 20,21 ; ;
51 4,1 ; ;
51 14,13 ; ;
51 12,11 ; ;
51 10,9 ; ;
51 8,7 ; ;
51 6,5 ; ;
52 2,1 2 1,9,7,12,13
52 8,7 8 1,9,7,12,13
52 6,5 6 1,3,5,7,12,13
52 4,3 4 1,3,5,7,12,13
52 10,9 10 1,3,5,7,9
52 11,9 11 1,3,5,7,9
53 5,4 ; ;
54 2,4 ; ;
55 4,2 ; ;
56 1,5 ; ;
57 2,3 ; ;
57 2,5 ; ;
57 7,8 ; ;
58 2,6 ; ;
58 2,3 ; ;
58 9,10 ; ;
58 13,16 ; ;
59 2,4 ; ;
59 6,7 ; ;
60 10,9 ; ;
60 8,12 ; ;
60 12,14 ; ;
60 1,2 ; ;
60 15,16 ; ;
61 4,2 ; ;
62 4,3 ; ;
62 1,6 ; ;
62 15,6 ; ;
62 6,8 ; ;
62 19,18 ; ;
62 11,12 ; ;
63 13,11 ; ;
63 11,10 ; ;
63 7,5 ; ;
63 5,4 ; ;
63 16,17 ; ;
63 17,19 ; ;
64 10,11 ; ;
64 3,1 ; ;
64 14,15 ; ;
65 12,1 ; ;
65 2,4 ; ;
68 8,1 ; ;
69 2,4 ; ;
69 7,8 ; ;
70 5,4 ; ;
71 4,3 ; ;
72 3,1 ; ;
73 9,8 ; ;
74 1,17 ; ;
74 10,1 ; ;
74 1,3 ; ;
74 14,13 ; ;
74 6,7 ; ;
75 6,5 ; ;
75 8,9 ; ;
75 11,12 ; ;
75 15,19 ; ;
75 18,17 ; ;
76 1,2 ; ;
77 3,1 ; ;
78 6,9 ; ;
79 2,3 ; ;
80 4,3 ; ;
80 12,14 ; ;
80 19,18 ; ;
80 21,22 ; ;
81 4,1 ; ;
82 9,1 ; ;
82 2,3 ; ;
83 5,7 ; ;
84 12,11 ; ;
84 10,3 ; ;
84 6,7 ; ;
86 7,8 ; ;
86 11,12 ; ;
87 15,16 ; ;
87 8,7 ; ;
87 5,4 ; ;
87 1,2 ; ;
88 1,3 ; ;
89 1,2 ; ;
90 8,9 ; ;
91 5,4 ; ;
91 10,11 ; ;
93 15,14 ; ;
94 11,4 ; ;
94 8,9 ; ;
95 6,7 ; ;
96 2,4 ; ;
96 9,10 ; ;
96 6,5 ; ;
96 8,7 ; ;
96 13,12 ; ;
96 15,14 ; ;
97 9,8 ; ;
97 6,1 ; ;
97 1,2 ; ;
97 12,10 ; ;
98 5,4 ; ;
99 4,2 ; ;
100 4,2 ; ;
101 21,22 ; ;
101 13,1 ; ;
101 2,3 ; ;
101 4,5 ; ;
101 6,7 ; ;
101 8,9 ; ;
101 10,11 ; ;
102 11,3 ; ;
102 6,7 ; ;
104 12,11 ; ;
104 3,4 ; ;
105 14,1 ; ;
105 2,4 ; ;
105 8,9 ; ;
105 11,12 ; ;
106 6,8 ; ;
106 6,11 ; ;
106 5,4 ; ;
106 14,16 ; ;
106 17,19 ; ;
106 17,22 ; ;
108 6,5 ; ;
108 9,10 ; ;
109 16,15 ; ;
109 20,21 ; ;
109 12,1 ; ;
109 10,11 ; ;
109 4,5 ; ;
110 3,1 ; ;
110 1,5 ; ;
112 9,1 ; ;
112 1,2 ; ;
112 13,12 ; ;
112 16,1 ; ;
112 6,5 ; ;
113 16,15 ; ;
113 1,2 ; ;
113 2,3 ; ;
113 9,8 ; ;
113 12,4 ; ;
113 4,5 ; ;
114 13,2 ; ;
114 9,10 ; ;
114 6,7 ; ;
116 5,3 ; ;
116 2,1 ; ;
116 15,17 ; ;
116 8,9 ; ;
117 11,9 ; ;
117 9,8 ; ;
117 6,1 ; ;
117 1,4 ; ;
118 17,12 ; ;
118 12,14 ; ;
118 1,2 ; ;
118 7,9 ; ;
119 8,9 ; ;
119 6,7 ; ;
119 5,4 ; ;
119 4,1 ; ;
119 1,12 ; ;
122 7,8 ; ;
123 2,1 ; ;
126 6,5 ; ;
127 4,3 ; ;
127 2,5 ; ;
127 10,11 ; ;
128 2,1 ; ;
129 4,3 ; ;
129 1,6 ; ;
129 7,8 ; ;
130 1,5 ; ;
130 10,13 ; ;
131 6,7 ; ;
131 7,8 ; ;
133 9,1 ; ;
133 2,3 ; ;
134 3,2 ; ;
134 9,10 ; ;
134 5,6 ; ;
135 5,2 ; ;
135 2,3 ; ;
135 7,8 ; ;
135 11,14 ; ;
136 1,2 ; ;
139 9,10 ; ;
139 4,1 ; ;
141 3,2 ; ;
142 10,1 ; ;
142 1,4 ; ;
143 5,4 ; ;
144 13,12 ; ;
144 12,15 ; ;
144 9,8 ; ;
144 1,2 ; ;
144 1,4 ; ;
145 13,12 ; ;
145 11,10 ; ;
146 9,5 ; ;
147 4,3 ; ;
147 7,10 ; ;
148 1,2 ; ;
148 1,4 ; ;
149 3,1 ; ;
149 1,5 ; ;
149 7,9 ; ;
151 24,23 ; ;
151 21,17 ; ;
151 7,8 ; ;
152 1,5 ; ;
152 8,11 ; ;
152 13,14 ; ;
153 1,3 ; ;
155 2,4 ; ;
156 18,15 ; ;
156 12,1 ; ;
156 1,3 ; ;
156 6,9 ; ;
157 7,6 ; ;
157 14,15 ; ;
157 2,3 ; ;
157 10,11 ; ;
158 8,9 ; ;
158 9,10 ; ;
158 13,16 ; ;
158 7,6 ; ;
158 3,4 ; ;
160 17,14 ; ;
160 11,1 ; ;
160 1,2 ; ;
160 5,8 ; ;
161 5,4 ; ;
162 12,11 ; ;
162 8,1 ; ;
163 28,27 ; ;
163 30,31 ; ;
163 33,34 ; ;
163 25,23 ; ;
163 22,21 ; ;
163 37,38 ; ;
163 40,41 ; ;
163 41,43 ; ;
163 3,4 ; ;
164 14,2 ; ;
164 3,4 ; ;
164 8,10 ; ;
165 5,7 ; ;
165 8,9 ; ;
165 10,11 ; ;
165 11,13 ; ;
168 5,7 ; ;
168 7,9 ; ;
168 9,11 ; ;
169 9,1 ; ;
170 3,1 ; ;
170 1,5 ; ;
171 2,5 ; ;
171 6,8 ; ;
171 8,10 ; ;
171 13,14 ; ;
172 28,25 ; ;
172 25,22 ; ;
172 19,1 ; ;
172 2,3 ; ;
172 10,14 ; ;
172 14,17 ; ;
173 13,12 ; ;
173 14,15 ; ;
173 5,6 ; ;
173 3,4 ; ;
174 3,1 ; ;
175 5,7 ; ;
175 8,9 ; ;
175 18,20 ; ;
175 16,25 ; ;
176 25,24 ; ;
176 23,20 ; ;
176 20,19 ; ;
176 18,16 ; ;
176 15,14 ; ;
176 13,12 ; ;
176 10,1 ; ;
176 2,3 ; ;
176 3,6 ; ;
176 7,8 ; ;
177 9,8 ; ;
177 7,5 ; ;
177 5,4 ; ;
177 12,14 ; ;
177 14,16 ; ;
177 17,18 ; ;
179 11,8 ; ;
179 8,1 ; ;
180 8,7 ; ;
180 6,5 ; ;
180 3,2 ; ;
180 10,11 ; ;
181 10,9 ; ;
181 12,13 ; ;
181 8,7 ; ;
181 5,4 ; ;
181 16,18 ; ;
181 21,22 ; ;
181 22,25 ; ;
181 26,27 ; ;
182 9,10 ; ;
182 3,4 ; ;
183 18,9 ; ;
183 16,17 ; ;
183 7,6 ; ;
183 5,4 ; ;
183 1,29 ; ;
184 13,12 ; ;
184 11,3 ; ;
184 6,7 ; ;
185 43,42 ; ;
185 41,40 ; ;
185 39,38 ; ;
185 31,28 ; ;
185 22,21 ; ;
185 14,13 ; ;
185 12,9 ; ;
185 10,11 ; ;
185 34,33 ; ;
185 18,19 ; ;
186 3,2 ; ;
186 1,9 ; ;
186 10,11 ; ;
187 4,1 ; ;
187 1,3 ; ;
188 5,1 ; ;
189 7,1 ; ;
190 4,3 ; ;
191 3,2 ; ;
191 22,23 ; ;
192 11,9 ; ;
192 9,7 ; ;
192 7,1 ; ;
192 1,3 ; ;
192 3,5 ; ;
193 1,3 ; ;
194 13,12 ; ;
194 10,4 ; ;
194 6,7 ; ;
194 8,9 ; ;
195 2,1 ; ;
195 3,5 ; ;
195 3,4 ; ;
197 11,9 ; ;
197 9,8 ; ;
197 1,2 ; ;
197 3,4 ; ;
198 9,1 ; ;
199 2,4 ; ;
199 7,8 ; ;
200 6,5 ; ;
200 7,8 ; ;
201 2,1 ; ;
201 12,13 ; ;
202 3,1 ; ;
202 1,5 ; ;
203 6,7 ; ;
204 1,4 ; ;
205 4,2 ; ;
205 1,7 ; ;
207 1,2 ; ;
207 4,5 ; ;
208 11,10 ; ;
208 13,14 ; ;
208 9,3 ; ;
208 6,7 ; ;
208 1,16 ; ;
210 23,26 ; ;
210 23,22 ; ;
210 13,14 ; ;
210 14,17 ; ;
210 4,5 ; ;
210 8,9 ; ;
211 3,1 ; ;
212 4,3 ; ;
214 1,16 ; ;
214 1,9 ; ;
218 18,8 ; ;
218 4,5 ; ;
218 10,11 ; ;
218 15,16 ; ;
218 12,13 ; ;
219 7,1 ; ;
221 1,4 ; ;
223 6,5 6 2,3,5,7,9,13
223 4,3 4 2,3,5,7,9,13
223 8,7 8 2,3,5,7,17
223 1,2 1 2,3,5,7,17
223 18,17 18 2,17,7,9,13
223 19,17 19 2,17,7,9,13
223 10,9 ; ;
223 13,14 ; ;
225 6,7 ; ;
225 7,9 ; ;
225 9,11 ; ;
226 16,14 ; ;
226 13,11 ; ;
226 10,9 ; ;
226 7,6 ; ;
226 4,3 ; ;
227 13,1 ; ;
227 1,2 ; ;
227 4,3 ; ;
227 6,5 ; ;
227 8,7 ; ;
227 10,9 ; ;
227 12,11 ; ;
227 23,22 ; ;
227 21,20 ; ;
227 19,18 ; ;
227 17,16 ; ;
227 15,14 ; ;
228 2,1 ; ;
228 1,3 ; ;
228 4,5 ; ;
228 4,6 ; ;
229 3,2 ; ;
230 2,4 ; ;
230 4,6 ; ;
231 12,11 ; ;
231 9,10 ; ;
231 5,6 ; ;
231 16,17 ; ;
231 20,21 ; ;
231 31,32 ; ;
231 31,33 ; ;
231 25,26 ; ;
232 1,2 ; ;
233 22,21 ; ;
233 12,11 ; ;
233 9,7 ; ;
234 4,3 ; ;
234 7,8 ; ;
235 27,8 ; ;
235 18,19 ; ;
235 21,22 ; ;
237 6,8 ; ;
237 10,11 ; ;
240 2,1 ; ;
241 4,3 ; ;
241 1,7 ; ;
242 4,5 ; ;
243 2,4 ; ;
244 26,27 ; ;
244 8,7 ; ;
244 12,13 ; ;
244 18,19 ; ;
244 16,22 ; ;
245 16,18 ; ;
245 15,16 ; ;
245 5,6 ; ;
245 3,5 ; ;
245 1,20 ; ;
246 11,10 ; ;
246 8,7 ; ;
246 4,2 ; ;
247 2,4 ; ;
248 6,8 ; ;
248 3,2 ; ;
248 1,11 ; ;
249 7,8 ; ;
249 11,9 ; ;
249 10,9 ; ;
250 6,7 ; ;
251 28,29 ; ;
251 28,30 ; ;
252 6,11 ; ;
252 4,2 ; ;
254 5,8 ; ;
255 1,4 ; ;
255 7,8 ; ;
257 4,3 ; ;
258 3,1 ; ;
258 5,6 ; ;
259 4,5 ; ;
259 1,2 ; ;
260 2,1 ; ;
260 9,7 ; ;
261 2,3 ; ;
261 1,7 ; ;
261 7,14 ; ;
262 6,18 ; ;
262 10,11 ; ;
262 1,4 ; ;
262 12,13 ; ;
262 7,8 ; ;
263 11,14 ; ;
263 10,9 ; ;
266 17,18 ; ;
266 31,29 ; ;
266 29,28 ; ;
266 11,23 ; ;
267 12,13 ; ;
267 1,2 ; ;
267 7,8 ; ;
267 17,18 ; ;
269 3,4 ; ;
269 17,18 ; ;
269 10,11 ; ;
270 5,6 ; ;
271 1,4 ; ;
275 1,2 ; ;
276 2,5 ; ;
276 2,3 ; ;
276 1,7 ; ;
276 12,13 ; ;
277 6,7 ; ;
278 5,7 ; ;
278 9,10 ; ;
279 6,4 ; ;
280 15,16 ; ;
280 12,13 ; ;
281 1,3 ; ;
281 5,6 ; ;
282 1,5 ; ;
282 1,2 ; ;
282 1,11 ; ;
283 4,5 ; ;
285 7,8 ; ;
286 17,14 ; ;
286 1,11 ; ;
286 5,6 ; ;
286 8,9 ; ;
286 1,4 ; ;
287 1,3 ; ;
288 1,10 ; ;
288 8,9 ; ;
288 6,7 ; ;
288 3,4 ; ;
288 17,18 ; ;
288 15,16 ; ;
288 13,12 ; ;
289 1,3 ; ;
289 1,5 ; ;
293 1,8 ; ;
293 1,14 ; ;
295 2,3 ; ;
295 9,10 ; ;
295 1,13 ; ;
296 32,34 ; ;
296 28,27 ; ;
296 25,24 ; ;
296 8,9 ; ;
296 10,11 ; ;
296 13,19 ; ;
297 15,1 ; ;
297 10,9 ; ;
297 2,3 ; ;
297 21,22 ; ;
298 11,12 ; ;
298 7,8 ; ;
298 9,10 ; ;
298 1,2 ; ;
298 3,4 ; ;
298 5,6 ; ;
299 8,9 ; ;
300 1,15 ; ;
301 11,14 ; ;
304 5,9 ; ;
304 9,10 ; ;
304 7,8 ; ;
305 2,4 ; ;
305 1,7 ; ;
306 5,60 ; ;
306 55,9 ; ;
306 17,23 ; ;
306 44,45 ; ;
306 40,50 ; ;
307 5,6 ; ;
308 20,19 ; ;
308 3,4 ; ;
308 11,12 ; ;
309 17,11 ; ;
309 9,8 ; ;
309 8,7 ; ;
309 1,5 ; ;
311 1,2 ; ;
311 2,3 ; ;
311 4,5 ; ;
311 6,7 ; ;
311 8,9 ; ;
311 10,11 ; ;
312 4,5 ; ;
312 1,9 ; ;
312 12,13 ; ;
312 14,15 ; ;
312 16,17 ; ;
312 18,19 ; ;
312 22,23 ; ;
313 1,12 ; ;
313 1,2 ; ;
313 4,5 ; ;
314 10,3 ; ;
314 6,7 ; ;
315 5,6 ; ;
315 7,9 ; ;
315 9,12 ; ;
317 1,4 ; ;
317 5,6 ; ;
318 1,2 ; ;
318 4,6 ; ;
318 4,5 ; ;
318 1,3 ; ;
319 8,1 ; ;
319 1,2 ; ;
319 1,4 ; ;
320 5,6 ; ;
321 4,6 ; ;
322 24,26 ; ;
322 18,19 ; ;
322 14,17 ; ;
322 1,11 ; ;
322 4,1 ; ;
323 1,5 ; ;
325 9,7 ; ;
326 1,18 ; ;
326 1,11 ; ;
327 1,3 ; ;
328 2,4 ; ;
328 2,3 ; ;
330 1,4 ; ;
331 7,8 ; ;
331 3,4 ; ;
334 8,9 ; ;
334 8,11 ; ;
335 1,4 ; ;
336 5,1 ; ;
336 2,3 ; ;
337 17,18 ; ;
337 13,14 ; ;
337 13,12 ; ;
337 10,9 ; ;
337 7,6 ; ;
337 4,3 ; ;
338 23,20 ; ;
338 20,21 ; ;
338 17,16 ; ;
338 14,13 ; ;
338 11,10 ; ;
338 1,2 ; ;
338 4,5 ; ;
338 6,7 ; ;
339 1,3 ; ;
340 3,4 ; ;
340 6,7 ; ;
342 3,4 ; ;
342 5,6 ; ;
343 6,5 ; ;
343 12,11 ; ;
343 1,3 ; ;
344 14,13 ; ;
344 16,17 ; ;
344 2,3 ; ;
346 31,33 ; ;
346 28,30 ; ;
346 26,27 ; ;
346 22,24 ; ;
346 19,21 ; ;
346 17,18 ; ;
346 10,17 ; ;
346 9,10 ; ;
346 6,7 ; ;
346 5,48 ; ;
346 4,5 ; ;
346 13,14 ; ;
346 37,39 ; ;
346 40,45 ; ;
346 40,41 ; ;
348 1,11 ; ;
348 1,4 ; ;
348 14,15 ; ;
348 7,8 ; ;
